10025010
10042510
10052010
10052064
10081260
10102252
10124352
10124757
10127475
10128235
10129900
10133788
10134985
10149750
10165680
10165815
10166350
10173820
10185934
10192248
10195794
10205100
10205370
10217493
10219680
10229845
10233054
10237864
10245550
10245820
10248925
10250460
10254100
10255000
10257790
10269504
10269598
10291779
10293966
10294200
10294695
10311966
10323225
10349527
10371649
10391746
10396800
10402600
10417167
10423530
10429753
10434226
10437678
10461784
10462090
10467792
10471162
10471293
10502100
10507500
10511694
10518678
10522350
10524208
10525000
10526400
10558368
10571080
10572300
10591398
10592482
10604277
10619145
10642540
10656432
10657480
10665720
10671417
10671660
10687513
10696824
10699744
10716300
10723185
10731609
10732306
10732900
10734192
10742868
10767568
10772190
10792390
10796674
10801350
10821600
10832850
10835370
10851939
10886400
10905250
10932754
10935436
10958157
10965595
11053714
11059164
11064280
11074657
11074905
11085304
11147836
11148520
11158735
11165728
11185762
11187360
11246800
11246890
11254945
11259000
11272356
11281648
11286193
11293744
11306857
11330865
11344860
11345229
11364138
11368026
11369533
11378169
11388762
11391250
11417805
11420923
11426800
11435985
11438266
11447428
11447860
11453481
11472628
11474788
11479230
11506770
11515383
11522250
11525490
11526844
11529216
11536875
11541816
11545218
11557323
11559960
11564280
11567205
11569900
11572596
11575435
11576268
11602926
11607250
11608272
11609950
11632896
11643088
11643282
11647800
11648952
11657835
11672590
11675668
11677140
11680767
11682468
11683512
11689744
11690532
11692228
11692800
11697835
11712757
11722657
11726820
11727625
11728615
11728786
11736652
11753874
11756250
11765596
11766892
11772540
11786350
11790166
11794684
11796160
11803482
11815650
11823997
11830315
11833645
11844054
11844832
11848000
11850394
11857500
11867467
11874550
11876602
11883613
11887524
11898535
11908215
11920468
11920657
11922484
11924703
11925540
11926134
11926728
11929918
11930170
11948310
11952292
11952360
11954619
11957512
11964582
11970256
11976178
11982348
12006000
12015396
12023550
12041964
12045982
12052048
12054060
12054820
12055950
12056850
12060027
12081960
12083575
12083706
12085650
12095568
12097147
12097350
12098646
12128935
12129754
12142597
12145693
12157600
12159720
12166942
12169480
12181500
12195760
12199752
12210588
12213585
12238776
12245395
12247686
12254620
12259345
12261582
12271545
12274515
12274600
12276400
12276544
12289644
12295480
12296740
12303837
12308436
12310938
12328960
12338046
12340368
12342555
12347680
12353800
12363840
12367260
12371904
12373690
12374712
12383059
12384000
12387735
12406770
12408385
12408430
12417588
12417993
12419775
12421066
12439129
12447184
12448800
12451927
12452080
12453012
12454200
12455118
12459640
12463960
12467052
12475606
12483576
12484057
12485115
12488760
12489471
12492864
12495280
12497800
12504960
12505000
12509640
12519846
12524008
12526290
12531834
12536320
12550018
12550050
12552813
12557290
12558100
12559095
12568270
12574845
12577617
12578449
12578764
12579214
12586392
12594712
12595000
12597930
12600297
12600324
12608743
12613990
12618850
12620790
12634560
12636040
12640095
12640860
12645360
12652024
12654513
12665475
12678250
12683385
12684924
12693420
12693928
12697740
12698334
12715762
12716586
12717396
12735895
12741700
12746515
12746650
12752640
12752860
12754075
12759250
12762000
12775945
12778155
12805240
12805384
12810735
12827650
12832524
12833590
12843000
12851586
12853840
12854488
12859150
12873294
12883486
12883540
12885147
12893760
12894547
12916750
12941037
12943548
12951400
12955000
12965035
12965175
12966480
12993525
13002462
13024480
13024557
13024872
13025650
13029565
13041180
13041909
13042849
13062460
13062780
13078260
13086540
13104954
13104994
13130685
13140292
13142038
13168575
13204125
13204750
13204930
13208670
13225518
13230369
13230945
13234864
13241250
13241974
13248540
13253764
13257760
13261500
13264150
13268772
13269258
13328406
13345074
13350897
13354420
13389345
13394160
13402885
13410270
13426897
13427500
13440429
13453600
13468972
13472725
13489960
13492917
13494793
13524160
13524570
13535248
13538245
13542880
13545000
13563760
13568215
13571869
13572648
13573980
13579240
13580379
13592007
13596871
13597623
13604350
13617850
13626571
13628875
13630783
13648824
13649827
13652482
13656820
13664043
13667584
13683978
13684320
13684482
13684671
13697320
13709245
13712913
13728519
13730710
13754790
13764397
13774797
13775688
13777816
13790295
13794480
13825647
13826164
13861426
13862655
13865872
13881780
13918621
13967820
13972504
13978575
13978705
13982400
13985257
13994275
13996372
13998735
14003500
14017945
14023948
14026950
14027328
14029438
14035126
14051979
14053014
14054395
14061370
14088672
14092780
14134450
14134500
14145799
14147995
14157265
14174370
14179333
14186790
14192982
14220661
14227564
14233180
14235403
14245632
14245798
14250915
14256081
14260279
14262250
14278990
14279832
14298295
14299029
14300271
14305086
14306427
14320737
14334718
14340690
14342017
14346072
14350275
14350360
14354158
14364720
14365260
14365935
14397718
14403235
14417923
14427009
14430496
14452879
14505835
14527300
14527975
14529528
14534500
14553270
14554975
14558940
14559700
14573916
14588280
14597968
14603323
14618695
14620720
14622525
14637550
14642208
14652000
14652495
14652900
14653728
14676228
14679432
14685129
14713650
14720368
14728648
14729004
14730664
14736640
14736780
14739340
14756350
14769634
14799555
14810845
14823463
14835717
14858712
14865412
14871645
14897520
14901439
14936400
14957860
14964304
14974596
14976913
14986732
15003000
15026008
15028335
15029896
15062346
15063264
15082600
15085620
15088324
15102670
15117214
15123960
15164919
15169576
15199780
15203650
15204672
15206080
15206715
15207660
15220471
15226897
15227100
15230965
15243390
15246000
15249780
15261696
15262870
15266272
15279453
15281856
15283462
15286077
15287062
15287233
15293250
15300540
15302659
15304302
15316938
15320277
15337287
15348762
15364728
15372630
15374236
15379875
15381810
15384330
15391246
15401628
15419380
15423430
15435000
15436296
15437160
15450228
15464722
15473340
15483897
15487380
15488973
15492928
15502662
15527700
15569982
15582280
15584260
15584310
15602400
15622240
15622713
15623460
15625984
15632478
15643575
15643926
15662362
15672762
15683980
15684273
15684840
15693426
15711696
15716916
15741396
15742350
15768270
15786495
15788416
15794860
15795000
15806272
15812680
15819300
15829146
15833844
15838650
15842344
15853900
15862032
15862063
15862450
15862635
15863040
15878200
15881580
15892195
15904350
15908350
15916275
15923596
15930432
15931201
15935278
15942388
15990768
16023546
16025625
16034485
16039944
16093728
16142620
16142656
16186977
16194829
16202236
16238848
16243380
16252600
16254760
16257136
16265088
16272000
16273755
16276320
16278570
16279371
16293960
16296898
16327080
16328754
16329942
16330752
16335450
16354219
16379500
16397212
16398144
16424550
16425364
16429531
16449538
16455334
16457350
16458390
16473555
16474360
16476628
16481092
16483792
16485322
16486245
16493535
16525840
16534804
16546621
16554825
16572024
16573414
16598344
16617172
16620390
16648920
16652322
16672216
16679520
16702492
16706326
16720578
16725280
16725465
16732728
16737520
16757280
16776720
16789540
16794580
16794855
16798144
16805628
16820005
16820320
16825338
16826080
16833460
16845723
16879500
16897482
16918308
16918650
16943188
16947328
16952638
16958704
16963713
16970395
16983270
16987500
16993872
17026240
17033233
17036424
17068288
17136297
17136490
17138295
17146984
17159800
17169750
17176990
17179123
17189464
17203743
17204359
17221765
17224600
17230360
17236980
17239270
17263381
17265262
17265276
17278960
17283420
17319465
17322538
17326485
17341290
17342635
17343697
17364235
17366998
17392500
17394498
17402350
17410536
17428000
17429580
17439970
17470390
17479300
17482000
17524354
17537625
17562384
17583930
17586279
17597943
17605350
17606232
17621500
17626225
17630262
17650215
17666424
17682480
17683992
17689225
17750380
17772475
17818218
17820648
17826822
17834593
17834692
17835948
17840128
17846950
17852040
17852098
17853255
17857260
17882914
17909950
17923437
17932500
17950225
17968243
17988642
18002250
18002997
18023733
18024435
18026752
18042880
18062100
18066726
18137470
18156249
18178524
18196024
18198675
18202270
18206500
18208750
18214623
18222079
18237843
18238450
18239760
18250776
18254160
18257926
18260550
18260685
18261936
18268920
18280750
18315625
18317520
18356440
18359865
18397440
18398520
18408712
18412600
18423792
18427248
18439996
18453595
18460548
18466992
18492669
18492804
18517351
18519880
18524749
18527314
18549720
18562720
18582120
18586525
18599139
18627615
18628344
18629208
18629644
18642195
18647023
18652536
18660262
18714280
18720153
18721305
18726057
18746721
18793260
18799762
18817249
18852295
18876726
18932580
18934362
18940383
18991282
18992763
18993316
19021090
19023543
19024650
19027750
19042740
19047280
19050250
19052352
19067728
19082700
19083240
19120500
19144822
19158930
19202850
19205550
19209190
19227964
19236280
19256580
19262587
19264531
19268500
19269837
19270620
19271700
19281564
19286064
19290438
19291909
19306584
19315768
19336284
19344276
19371352
19378480
19383210
19384596
19407276
19422900
19425478
19464237
19473228
19489833
19508350
19534954
19542820
19544085
19544341
19554277
19654330
19658200
19672258
19685232
19704694
19736257
19742935
19753461
19760494
19782553
19797250
19798020
19802520
19820610
19836324
19847025
19856272
19860246
19920654
19926504
